set wpda := COT NPR NWH PAS PIN SCH STP;

set monyr :=
2018-Oct   2019-Feb   2019-Jun   2019-Oct   2020-Feb   2020-Jun
2018-Nov   2019-Mar   2019-Jul   2019-Nov   2020-Mar   2020-Jul
2018-Dec   2019-Apr   2019-Aug   2019-Dec   2020-Apr   2020-Aug
2019-Jan   2019-May   2019-Sep   2020-Jan   2020-May   2020-Sep;

demand [*,*] (tr)
:            COT       NPR       NWH       PAS       PIN       SCH       STP :=
2018-Oct   76.6427   2.86152   18.8657   35.4935   49.3866   41.4725   29.0398
2018-Nov   73.776    3.19935   19.6882   31.7527   50.1459   42.8237   29.2446
2018-Dec   75.1696   2.90471   18.6912   28.9551   49.3227   40.1974   28.1114
2019-Jan   73.0204   2.92991   17.8489   30.4665   49.1322   38.3481   28.2155
2019-Feb   69.7529   2.97256   18.0893   28.3124   50.9141   39.1569   28.905
2019-Mar   78.2102   2.52495   19.1234   29.9774   49.1111   42.0503   29.5761
2019-Apr   79.3467   3.34373   19.3698   28.9971   43.2171   42.7888   30.4191
2019-May   82.0824   3.15063   20.5162   26.65     50.7763   46.2413   31.5321
2019-Jun   71.0732   3.16499   19.2447   34.7703   50.4516   42.5547   26.5905
2019-Jul   74.7167   3.11384   17.96     33.6045   49.4255   40.2738   29.3145
2019-Aug   75.718    3.1809    17.3294   30.947    49.0236   38.9816   28.9089
2019-Sep   72.3167   3.55022   17.7741   35.2834   48.9396   39.7236   28.6017
2019-Oct   77.8124   3.14916   19.0479   36.1163   49.4772   42.4341   29.1335
2019-Nov   74.921    3.48531   19.8809   32.3146   50.2395   43.8197   29.3404
2019-Dec   76.3272   3.19464   18.873    29.4688   49.418    41.13     28.2057
2020-Jan   74.1434   3.21761   18.0202   30.9992   49.2285   39.2345   28.3116
2020-Feb   70.8183   3.26042   18.2617   28.8038   51.016    40.0608   29.0026
2020-Mar   79.4048   2.8154    19.3086   30.5004   49.2057   43.0272   29.6747
2020-Apr   80.5693   3.62681   19.5579   29.5042   43.2937   43.784    30.5184
2020-May   83.3407   3.43911   20.7179   27.1135   50.868    47.3196   31.6329
2020-Jun   72.1572   3.45169   19.4323   35.3788   50.5425   43.5413   26.674
2020-Jul   75.8522   3.39983   18.1324   34.1905   49.5146   41.2062   29.4078
2020-Aug   76.8664   3.46602   17.493    31.4852   49.1127   39.882    29.0015
2020-Sep   73.4188   3.82657   17.9429   35.9021   49.0283   40.6409   28.6939
;

nyears = 2

:  ndays_mo yearno monthno    :=
1      31      1      10
2      30      1      11
3      31      1      12
4      31      1       1
5      28      1       2
6      31      1       3
7      30      1       4
8      31      1       5
9      30      1       6
10     31      1       7
11     31      1       8
12     30      1       9
13     31      2      10
14     30      2      11
15     31      2      12
16     31      2       1
17     29      2       2
18     31      2       3
19     30      2       4
20     31      2       5
21     30      2       6
22     31      2       7
23     31      2       8
24     30      2       9
;

# $2 = reg_lithia
:  ch_poc  $2 reg_cot reg_thic crw_prod eag_prod bud_fix ds_fix swtp_fix    :=
1     11    8     0      0.83     0         0        4       0      70
2     11    4     0      0.83     0         0        4       8      55
3     11    4     0      0.83     0.6       0        4      12      55
4     11    4     5      0.83     0.6       0        4      16      55
5     11    4     5      0.83     0         0        4      16      55
6     11    4    10      0.83     0.6       0        4      16      55
7     11    4    20      0.83     0.6       0        4      16      55
8     11    4    27      0.83     0.6       0        4      16      55
9     11    4     5      0.83     0         0        4       8      55
10    11    4     0      0.83     0         0        4       0      70
11    11    8     0      0.83     0         0        4       0      70
12    11    4     0      0.83     0         0        4       0      70
13    11    8     0      0.83     0         0        4       0      70
14    11    4     0      0.83     0         0        4       8      60
15    11    4     0      0.83     0.6       0        4      12      60
16    11    4     5      0.83     0.6       0        4      16      60
17    11    4     5      0.83     0         0        4      16      60
18    11    4    10      0.83     0.6       0        4      16      60
19    11    4    20      0.83     0.6       0        4      16      60
20    11    4    27      0.83     0.6       0        4      16      55
21    11    4     5      0.83     0         0        4       8      55
22    11    4     0      0.83     0         0        4       0      70
23    11    8     0      0.83     0         0        4       0      70
24    11    4     0      0.83     0         0        4       0      70
;

wup_12mavg [*] :=
CWUP  90
 BUD   6
 SCH  24.1
;

ppp_sum12 [*,*] (tr)
:     CWUP       BUD       SCH      :=
1    67.8163   4.68833   22.2837
2    69.4484   4.62323   23.8765
3    68.3823   4.74968   22.2177
4    85.7268   4.54214   22.0443
5    93.3155   4.6529    26.6419
6    78.0203   5.785     25.5427
7    80.6448   5.83097   22.4561
8    99.3823   6.02167   25.878
9    81.2371   5.67097   18.7865
10   83.8142   5.71355   16.351
11   81.4025   5.98368   15.2737
;

ngw_avail [*,*] (tr)
:      TBC       Alafia     :=
1     33.1875   13.9279
2     35.5674   14.9771
3     39.1123   13.2336
4     18.4332    6.89953
5     15.892     3.62527
6     25.958    11.2411
7     90.0601   25.5281
8    130.984    29.4875
9    161.18     31.3472
10    81.0404   19.4397
11    41.5905   13.1691
12    31.1272   13.1491
;

:    prod_range_lo prod_range_hi    :=
CWUP       50            120
BUD         4              6
SCH        18             27
;

relcost [*] :=
   Alafia  2250
      BUD  1250
     CWUP  1000
Reservoir  2500
      SCH  1500
      TBC  2000
;

:           penfunc_x  penfunc_r    :=
Alafia    1      0          0
Alafia    2     10       1000
Alafia    3     20       1500
Alafia    4     30       2000
Alafia    5     60       2000
BUD       1      0          0
BUD       2      1.5     6666.67
BUD       3      3      10000
BUD       4      4.5    13333.3
BUD       5      6      13333.3
CWUP      1      5          0
CWUP      2     10       1000
CWUP      3     15       2000
CWUP      4     20       3000
CWUP      5     95       3000
Reservoir 1      0          0
Reservoir 2     20        500
Reservoir 3     40        750
Reservoir 4     60       1000
Reservoir 5    100       1000
SCH       1      0          0
SCH       2      2.1     4761.9
SCH       3      4.1     7317.07
SCH       4      6.1     9836.07
SCH       5     24.1     9836.07
TBC       1      0          0
TBC       2     40        250
TBC       3     80        375
TBC       4    120        500
TBC       5    240        500
;

